Date,close,high,low,open,volume
2023-06-15,43.779998779296875,47.88999938964844,40.0,42.0,16751800
2023-06-16,38.150001525878906,46.68000030517578,36.45000076293945,44.869998931884766,8417500
2023-06-20,38.43000030517578,39.47999954223633,37.564998626708984,38.0,1607200
2023-06-21,38.34000015258789,39.20000076293945,37.900001525878906,38.43000030517578,738600
2023-06-22,39.15999984741211,40.13999938964844,37.59000015258789,38.0,2365600
2023-06-23,40.150001525878906,40.810001373291016,38.70000076293945,39.0,1118800
2023-06-26,42.59000015258789,43.22999954223633,40.25,40.650001525878906,1645000
2023-06-27,45.54999923706055,46.13999938964844,42.61199951171875,42.869998931884766,1801000
2023-06-28,42.209999084472656,45.54999923706055,41.22999954223633,45.54999923706055,1984600
2023-06-29,43.529998779296875,44.20000076293945,42.62900161743164,42.689998626708984,947500
2023-06-30,40.95000076293945,44.5,40.290000915527344,43.70000076293945,1947400
2023-07-03,39.47999954223633,41.064998626708984,38.45000076293945,41.0,1574700
2023-07-05,38.040000915527344,39.43000030517578,37.06999969482422,38.970001220703125,1650300
2023-07-06,39.20000076293945,40.400001525878906,37.2599983215332,37.43000030517578,1304700
2023-07-07,39.619998931884766,41.599998474121094,38.75,39.52000045776367,916900
2023-07-10,44.0,44.099998474121094,40.5099983215332,40.5099983215332,2520200
2023-07-11,45.45000076293945,47.0,43.369998931884766,45.79999923706055,3043900
2023-07-12,52.0099983215332,52.25,46.21500015258789,47.439998626708984,4386000
2023-07-13,47.68000030517578,54.86000061035156,46.81999969482422,54.220001220703125,5134300
2023-07-14,47.66999816894531,49.2400016784668,45.85499954223633,47.20000076293945,2043100
2023-07-17,47.619998931884766,49.709999084472656,46.540000915527344,47.66999816894531,1262000
2023-07-18,51.02000045776367,51.4900016784668,47.25,47.619998931884766,1905800
2023-07-19,48.52000045776367,51.939998626708984,47.88999938964844,51.84000015258789,1813900
2023-07-20,49.560001373291016,50.43000030517578,48.220001220703125,48.220001220703125,1191300
2023-07-21,48.779998779296875,49.75,47.650001525878906,49.75,865300
2023-07-24,53.279998779296875,53.32600021362305,49.099998474121094,49.33000183105469,2097100
2023-07-25,51.849998474121094,53.45000076293945,51.060001373291016,53.22999954223633,1687200
2023-07-26,51.630001068115234,52.5,50.25,51.79999923706055,898300
2023-07-27,49.880001068115234,53.249000549316406,49.599998474121094,51.689998626708984,1323700
2023-07-28,52.90999984741211,53.099998474121094,50.25,50.525001525878906,843600
2023-07-31,57.11000061035156,57.290000915527344,53.11000061035156,53.66999816894531,2364200
2023-08-01,56.9900016784668,57.7400016784668,54.5,56.38999938964844,952800
2023-08-02,55.31999969482422,58.099998474121094,54.150001525878906,56.0,1471900
2023-08-03,55.68000030517578,57.15999984741211,54.77000045776367,55.380001068115234,712200
2023-08-04,53.439998626708984,56.810001373291016,52.81999969482422,56.54999923706055,925600
2023-08-07,52.959999084472656,54.220001220703125,52.060001373291016,53.68000030517578,621100
2023-08-08,50.5099983215332,52.20000076293945,49.71500015258789,52.20000076293945,1081800
2023-08-09,48.060001373291016,50.84000015258789,47.5099983215332,50.5099983215332,964300
2023-08-10,48.09000015258789,50.720001220703125,47.869998931884766,48.20000076293945,872200
2023-08-11,48.47999954223633,49.20000076293945,47.709999084472656,47.75,621700
2023-08-14,47.849998474121094,48.87699890136719,46.619998931884766,48.58000183105469,966800
2023-08-15,46.38999938964844,48.46699905395508,45.849998474121094,47.08000183105469,2356600
2023-08-16,46.93000030517578,51.15999984741211,44.56999969482422,49.5,8425400
2023-08-17,42.369998931884766,47.38999938964844,42.150001525878906,47.25,3611600
2023-08-18,43.11000061035156,43.97999954223633,40.88999938964844,42.0,1939800
2023-08-21,41.689998626708984,43.779998779296875,41.63999938964844,42.95000076293945,1215300
2023-08-22,42.75,42.880001068115234,40.61000061035156,41.75,1158500
2023-08-23,44.84000015258789,45.630001068115234,42.29999923706055,42.5,2098600
2023-08-24,42.650001525878906,44.880001068115234,41.81999969482422,44.79999923706055,1345400
2023-08-25,41.619998931884766,43.439998626708984,41.58000183105469,43.11000061035156,1044500
2023-08-28,41.93000030517578,43.20000076293945,41.400001525878906,41.619998931884766,1016500
2023-08-29,44.599998474121094,44.970001220703125,41.599998474121094,41.7599983215332,2244200
2023-08-30,45.5,46.099998474121094,43.54999923706055,44.5,1273900
2023-08-31,44.40999984741211,45.93299865722656,44.130001068115234,45.709999084472656,945100
2023-09-01,43.81999969482422,45.369998931884766,43.48500061035156,44.95000076293945,570000
2023-09-05,42.150001525878906,43.816001892089844,41.93000030517578,43.29999923706055,1457500
2023-09-06,42.529998779296875,43.176998138427734,41.70000076293945,42.060001373291016,801000
2023-09-07,41.0099983215332,41.900001525878906,40.31999969482422,41.900001525878906,1653500
2023-09-08,39.18000030517578,41.45000076293945,39.02000045776367,40.959999084472656,1378100
2023-09-11,37.560001373291016,39.58000183105469,37.43000030517578,39.369998931884766,1917000
2023-09-12,35.9900016784668,37.2400016784668,35.869998931884766,36.939998626708984,4154700
2023-09-13,35.63999938964844,37.09000015258789,34.880001068115234,35.5,2056100
2023-09-14,36.060001373291016,36.70000076293945,35.0,36.0,1347500
2023-09-15,35.41999816894531,35.95500183105469,34.41999816894531,35.72999954223633,4204700
2023-09-18,34.36000061035156,35.41999816894531,34.130001068115234,35.0,1085300
2023-09-19,33.29999923706055,34.257999420166016,32.20000076293945,34.09000015258789,2132500
2023-09-20,31.729999542236328,33.88800048828125,31.68000030517578,33.31999969482422,1267600
2023-09-21,30.389999389648438,31.700000762939453,30.389999389648438,31.079999923706055,2077500
2023-09-22,30.889999389648438,31.360000610351562,30.389999389648438,30.559999465942383,1046900
2023-09-25,32.41999816894531,32.68000030517578,30.649999618530273,30.8799991607666,1877700
2023-09-26,32.290000915527344,33.5,31.735000610351562,31.959999084472656,1501400
2023-09-27,31.420000076293945,32.630001068115234,31.3700008392334,32.189998626708984,1227800
2023-09-28,31.190000534057617,31.690000534057617,29.91699981689453,31.389999389648438,1408400
2023-09-29,30.6299991607666,32.20600128173828,30.110000610351562,31.639999389648438,1154800
2023-10-02,31.0,31.100000381469727,29.770000457763672,30.399999618530273,1179900
2023-10-03,29.979999542236328,30.738000869750977,29.299999237060547,30.709999084472656,1179500
2023-10-04,31.260000228881836,31.270000457763672,29.049999237060547,30.0,1298400
2023-10-05,30.6299991607666,31.694000244140625,30.010000228881836,31.030000686645508,1337300
2023-10-06,31.610000610351562,32.150001525878906,30.09000015258789,30.6299991607666,1655600
2023-10-09,31.40999984741211,31.670000076293945,30.540000915527344,30.75,1003900
2023-10-10,32.08000183105469,32.619998931884766,30.940000534057617,31.75,1212200
2023-10-11,32.54999923706055,34.54999923706055,31.579999923706055,33.5,2612600
2023-10-12,31.510000228881836,32.5,31.219999313354492,32.5,1416300
2023-10-13,33.13999938964844,33.279998779296875,31.389999389648438,31.389999389648438,1517500
2023-10-16,33.97999954223633,34.439998626708984,32.34000015258789,33.29999923706055,1035200
2023-10-17,35.060001373291016,35.20000076293945,33.34000015258789,33.90999984741211,1233300
2023-10-18,33.779998779296875,35.36000061035156,33.380001068115234,35.0099983215332,870200
2023-10-19,33.619998931884766,34.369998931884766,33.220001220703125,34.0,903200
2023-10-20,33.0,33.52000045776367,31.8700008392334,33.220001220703125,953200
2023-10-23,33.25,34.130001068115234,32.16999816894531,32.939998626708984,617900
2023-10-24,33.900001525878906,34.09000015258789,33.2599983215332,33.869998931884766,1058100
2023-10-25,32.189998626708984,34.099998474121094,32.06999969482422,34.040000915527344,771400
2023-10-26,31.139999389648438,32.790000915527344,30.700000762939453,32.38999938964844,1032000
2023-10-27,31.6299991607666,32.22999954223633,31.270000457763672,31.3799991607666,480600
2023-10-30,31.079999923706055,32.54999923706055,30.299999237060547,31.979999542236328,1124000
2023-10-31,31.59000015258789,32.47999954223633,30.510000228881836,31.940000534057617,593800
2023-11-01,31.950000762939453,32.130001068115234,31.06999969482422,31.639999389648438,676300
2023-11-02,34.04999923706055,34.22999954223633,33.189998626708984,33.470001220703125,1097600
2023-11-03,35.91999816894531,36.38999938964844,34.20000076293945,34.75,1423600
2023-11-06,34.18000030517578,37.64400100708008,33.38999938964844,37.150001525878906,1389600
2023-11-07,33.70000076293945,35.23500061035156,33.22999954223633,34.04999923706055,2368100
2023-11-08,31.100000381469727,34.099998474121094,30.299999237060547,34.099998474121094,5171200
2023-11-09,31.530000686645508,31.940000534057617,30.80500030517578,31.43000030517578,1836100
2023-11-10,31.06999969482422,31.600000381469727,29.65999984741211,31.600000381469727,1738600
2023-11-13,31.360000610351562,31.510000228881836,30.0,30.999000549316406,1279000
2023-11-14,32.16999816894531,32.68000030517578,31.40999984741211,32.33000183105469,1478700
2023-11-15,33.83000183105469,34.2599983215332,32.47999954223633,32.65999984741211,1543900
2023-11-16,34.279998779296875,34.91999816894531,33.380001068115234,33.720001220703125,1172100
2023-11-17,34.119998931884766,34.41999816894531,32.90999984741211,34.41999816894531,1244700
2023-11-20,33.880001068115234,34.95000076293945,33.369998931884766,33.790000915527344,1256400
2023-11-21,33.40999984741211,34.90999984741211,33.32500076293945,33.81999969482422,1194900
2023-11-22,33.380001068115234,34.88999938964844,32.33000183105469,34.88999938964844,1597900
2023-11-24,34.27000045776367,34.79999923706055,32.810001373291016,32.84000015258789,832900
2023-11-27,33.59000015258789,35.75,33.474998474121094,34.0,1642500
2023-11-28,33.59000015258789,34.099998474121094,33.349998474121094,33.59000015258789,1009300
2023-11-29,34.0,34.61000061035156,33.439998626708984,33.83000183105469,1576900
2023-11-30,34.0099983215332,35.43000030517578,33.689998626708984,34.7599983215332,1593300
2023-12-01,36.220001220703125,36.619998931884766,33.5,33.58000183105469,1480900
2023-12-04,36.13999938964844,37.071998596191406,35.04999923706055,36.13999938964844,1386900
2023-12-05,36.060001373291016,36.279998779296875,35.689998626708984,35.79999923706055,779400
2023-12-06,36.369998931884766,37.47999954223633,35.810001373291016,36.560001373291016,1171100
2023-12-07,33.34000015258789,36.39799880981445,33.279998779296875,36.349998474121094,1814800
2023-12-08,32.2400016784668,33.689998626708984,31.780000686645508,33.0,2675700
2023-12-11,32.4900016784668,32.75,31.469999313354492,32.13999938964844,2440100
2023-12-12,38.869998931884766,39.0,33.31999969482422,33.79999923706055,17866500
2023-12-13,41.25,41.54999923706055,36.685001373291016,38.900001525878906,8786900
2023-12-14,40.619998931884766,41.9900016784668,39.880001068115234,41.70000076293945,2822300
2023-12-15,40.040000915527344,40.689998626708984,39.33000183105469,40.66999816894531,2096200
2023-12-18,41.4900016784668,43.18000030517578,39.150001525878906,39.5,3138600
2023-12-19,40.959999084472656,43.27000045776367,40.939998626708984,41.9900016784668,2597300
2023-12-20,41.099998474121094,42.4900016784668,40.5099983215332,40.900001525878906,2080600
2023-12-21,42.7599983215332,43.37900161743164,41.83000183105469,42.349998474121094,3291600
2023-12-22,41.91999816894531,43.25,41.720001220703125,43.0,1269600
2023-12-26,43.79999923706055,44.779998779296875,42.0,42.16999816894531,2511100
2023-12-27,44.439998626708984,44.86000061035156,43.209999084472656,44.38999938964844,1811000
2023-12-28,44.630001068115234,44.88999938964844,44.0,44.45000076293945,1266300
2023-12-29,42.97999954223633,45.08000183105469,42.849998474121094,44.540000915527344,1354600
2024-01-02,40.869998931884766,42.84000015258789,40.869998931884766,42.43000030517578,2352700
2024-01-03,39.470001220703125,40.720001220703125,39.04999923706055,40.22999954223633,2616700
2024-01-04,40.66999816894531,41.12900161743164,39.119998931884766,39.25,1399700
2024-01-05,41.150001525878906,42.41999816894531,39.810001373291016,40.209999084472656,1320200
2024-01-08,42.560001373291016,42.849998474121094,40.04999923706055,41.0099983215332,1491900
2024-01-09,42.52000045776367,43.20500183105469,41.84000015258789,42.20000076293945,994200
2024-01-10,42.27000045776367,42.65999984741211,41.56100082397461,42.290000915527344,907900
2024-01-11,42.939998626708984,43.59000015258789,41.61000061035156,41.970001220703125,1191000
2024-01-12,42.91999816894531,43.86000061035156,42.02000045776367,43.04999923706055,1047300
2024-01-16,43.70000076293945,44.22999954223633,42.650001525878906,43.29999923706055,1360400
2024-01-17,43.970001220703125,45.369998931884766,42.720001220703125,43.15999984741211,2521400
2024-01-18,45.470001220703125,45.560001373291016,43.5099983215332,44.619998931884766,1741400
2024-01-19,46.25,46.507999420166016,45.15999984741211,45.939998626708984,1577600
2024-01-22,47.86000061035156,47.939998626708984,46.41999816894531,46.45000076293945,1422100
2024-01-23,47.29999923706055,48.209999084472656,46.77000045776367,48.04999923706055,1323100
2024-01-24,47.84000015258789,48.689998626708984,47.4900016784668,47.790000915527344,1652900
2024-01-25,45.88999938964844,48.31999969482422,45.439998626708984,48.0,1836500
2024-01-26,45.79999923706055,46.4900016784668,44.79999923706055,46.13999938964844,1380200
2024-01-29,47.63999938964844,47.63999938964844,45.709999084472656,45.779998779296875,1392000
2024-01-30,47.689998626708984,47.849998474121094,46.790000915527344,47.29999923706055,853500
2024-01-31,46.79999923706055,48.27000045776367,46.560001373291016,47.599998474121094,1257600
2024-02-01,49.40999984741211,49.68000030517578,47.19599914550781,47.5,2383700
2024-02-02,49.93000030517578,49.95000076293945,48.13999938964844,49.0,1667400
2024-02-05,49.099998474121094,49.367000579833984,47.86000061035156,48.97999954223633,1275100
2024-02-06,49.79999923706055,50.70000076293945,47.68000030517578,49.22999954223633,1732000
2024-02-07,51.349998474121094,52.470001220703125,50.0,50.15999984741211,1842800
2024-02-08,52.77000045776367,53.47999954223633,51.099998474121094,51.63999938964844,2342900
2024-02-09,52.880001068115234,53.2400016784668,51.79100036621094,53.07500076293945,1918100
2024-02-12,53.68000030517578,54.869998931884766,52.505001068115234,52.779998779296875,1103400
2024-02-13,53.220001220703125,54.849998474121094,51.84000015258789,52.369998931884766,1368300
2024-02-14,53.970001220703125,54.72999954223633,52.900001525878906,54.119998931884766,1129900
2024-02-15,54.70000076293945,56.34000015258789,54.220001220703125,54.220001220703125,1554500
2024-02-16,54.630001068115234,55.540000915527344,54.09000015258789,54.29999923706055,1360400
2024-02-20,54.18000030517578,54.724998474121094,52.959999084472656,54.099998474121094,1135300
2024-02-21,48.5099983215332,51.25,48.099998474121094,50.72999954223633,4248900
2024-02-22,50.0,50.97999954223633,48.54999923706055,49.279998779296875,3288600
2024-02-23,51.0,51.3120002746582,48.75,50.4900016784668,1867300
2024-02-26,50.5,52.58000183105469,50.369998931884766,51.880001068115234,2745000
2024-02-27,56.65999984741211,58.220001220703125,52.810001373291016,54.290000915527344,7878400
2024-02-28,56.900001525878906,57.209999084472656,54.209999084472656,55.68000030517578,4659900
2024-02-29,58.40999984741211,59.84000015258789,57.11000061035156,58.77000045776367,4773700
2024-03-01,58.29999923706055,59.56999969482422,56.79999923706055,59.27000045776367,2518000
2024-03-04,57.970001220703125,59.25,56.400001525878906,58.540000915527344,3250700
2024-03-05,57.36000061035156,58.59000015258789,56.029998779296875,57.439998626708984,2485200
2024-03-06,59.25,60.61000061035156,57.91999816894531,58.29999923706055,3221100
2024-03-07,61.720001220703125,62.09000015258789,59.29999923706055,59.439998626708984,2727000
2024-03-08,63.34000015258789,65.76000213623047,62.83000183105469,63.0,3507300
2024-03-11,62.779998779296875,64.5,62.119998931884766,62.83000183105469,2003700
2024-03-12,65.83999633789062,66.22000122070312,62.529998779296875,62.900001525878906,2457400
2024-03-13,65.44000244140625,67.79000091552734,64.8499984741211,66.05000305175781,2931600
2024-03-14,63.70000076293945,66.80999755859375,62.95000076293945,66.27999877929688,2760300
2024-03-15,64.16000366210938,65.0,63.29999923706055,63.369998931884766,4535300
2024-03-18,62.04999923706055,65.44000244140625,60.70000076293945,64.9000015258789,3411400
2024-03-19,65.0999984741211,65.47000122070312,61.47999954223633,62.58000183105469,2736300
2024-03-20,68.31999969482422,69.04000091552734,64.62999725341797,64.91000366210938,3518500
2024-03-21,67.81999969482422,69.19999694824219,66.25,67.25,2607700
2024-03-22,67.95999908447266,69.16000366210938,66.80000305175781,67.5,1469300
2024-03-25,68.25,69.18000030517578,67.5999984741211,68.31999969482422,1279500
2024-03-26,68.22000122070312,69.66000366210938,67.9000015258789,68.5199966430664,1695700
2024-03-27,69.16999816894531,69.30000305175781,66.80999755859375,68.5,2614500
2024-03-28,70.05000305175781,71.5,69.51000213623047,70.0,1860400
2024-04-01,68.4000015258789,71.5999984741211,68.0199966430664,71.37999725341797,1998800
2024-04-02,65.75,66.5009994506836,64.01000213623047,65.87999725341797,2946100
2024-04-03,66.7699966430664,67.31999969482422,63.83000183105469,65.37999725341797,2769100
2024-04-04,63.33000183105469,68.19000244140625,63.25,67.3499984741211,2404300
2024-04-05,64.6500015258789,65.55000305175781,63.310001373291016,63.540000915527344,1315700
2024-04-08,64.94000244140625,65.4000015258789,64.23999786376953,64.88999938964844,889000
2024-04-09,60.279998779296875,64.87999725341797,59.290000915527344,64.55000305175781,4501200
2024-04-10,63.689998626708984,63.810001373291016,59.220001220703125,59.70000076293945,3645700
2024-04-11,66.37999725341797,66.66500091552734,63.810001373291016,64.2300033569336,2247700
2024-04-12,63.75,66.79000091552734,63.099998474121094,66.0199966430664,2029700
2024-04-15,61.75,65.30000305175781,61.439998626708984,64.02999877929688,2169500
2024-04-16,62.86000061035156,63.970001220703125,61.88999938964844,62.4900016784668,1408600
2024-04-17,61.560001373291016,63.849998474121094,60.2599983215332,63.45000076293945,1652100
2024-04-18,61.5,62.9900016784668,60.5,62.29999923706055,1063800
2024-04-19,59.66999816894531,61.95899963378906,58.689998626708984,61.25,1666500
2024-04-22,59.61000061035156,60.56999969482422,58.220001220703125,60.04999923706055,1434000
2024-04-23,61.189998626708984,62.45000076293945,60.09000015258789,60.25,1132700
2024-04-24,60.40999984741211,61.9900016784668,60.14500045776367,61.97999954223633,1061500
2024-04-25,62.59000015258789,63.150001525878906,59.02000045776367,59.59000015258789,2666700
2024-04-26,69.16000366210938,69.97000122070312,62.7400016784668,63.20000076293945,5833600
2024-04-29,70.58999633789062,70.83999633789062,67.80000305175781,69.22000122070312,2846200
2024-04-30,71.94000244140625,74.58000183105469,70.08000183105469,70.37999725341797,3569800
2024-05-01,67.44999694824219,71.98500061035156,66.5999984741211,71.12000274658203,3808800
2024-05-02,68.19999694824219,68.94999694824219,66.1500015258789,68.8499984741211,1475500
2024-05-03,72.16999816894531,72.62999725341797,69.27999877929688,70.05000305175781,2391400
2024-05-06,74.30999755859375,77.13999938964844,73.16899871826172,74.0,3117800
2024-05-07,74.23999786376953,75.9000015258789,72.0199966430664,74.0,2001300
2024-05-08,74.16000366210938,75.35199737548828,72.55999755859375,72.75,1177600
2024-05-09,75.37999725341797,76.30000305175781,73.16500091552734,73.98999786376953,1448500
2024-05-10,79.06999969482422,80.33499908447266,76.9000015258789,77.0,2775200
2024-05-13,76.38999938964844,79.08999633789062,75.0,79.08999633789062,2611000
2024-05-14,78.51000213623047,78.9000015258789,76.03900146484375,76.06999969482422,1914000
2024-05-15,78.62999725341797,79.45999908447266,77.10099792480469,79.3499984741211,1470400
2024-05-16,77.31999969482422,79.19999694824219,77.29000091552734,78.4800033569336,1476100
2024-05-17,77.27999877929688,78.11000061035156,75.41000366210938,78.11000061035156,1718400
2024-05-20,80.47000122070312,80.69999694824219,77.16999816894531,77.58999633789062,2059400
2024-05-21,78.22000122070312,81.73999786376953,77.54000091552734,80.87999725341797,2065400
2024-05-22,78.73999786376953,79.33599853515625,76.9010009765625,78.66999816894531,1775100
2024-05-23,77.5999984741211,79.97000122070312,76.33999633789062,79.97000122070312,1641700
2024-05-24,82.93000030517578,84.19999694824219,79.02999877929688,79.06999969482422,3403000
2024-05-28,82.4000015258789,86.25,81.77999877929688,85.8499984741211,8953200
2024-05-29,88.16000366210938,89.69000244140625,74.26000213623047,79.2699966430664,13457700
2024-05-30,93.1500015258789,96.93000030517578,86.66000366210938,87.3499984741211,10341800
2024-05-31,92.55000305175781,95.63999938964844,89.12999725341797,93.2300033569336,6131500
2024-06-03,88.0,91.95999908447266,86.0,89.5,4845700
2024-06-04,88.33999633789062,89.66999816894531,85.13999938964844,88.29000091552734,4191100
2024-06-05,92.04000091552734,92.5260009765625,87.04000091552734,89.3499984741211,2995900
2024-06-06,85.04000091552734,89.0199966430664,83.37999725341797,87.18000030517578,7824900
2024-06-07,85.04000091552734,86.7300033569336,84.12999725341797,84.66000366210938,3153900
2024-06-10,88.7699966430664,89.1500015258789,84.55000305175781,84.62000274658203,3530000
2024-06-11,89.9000015258789,90.0,85.86000061035156,87.75,2396600
2024-06-12,91.5199966430664,92.61000061035156,89.12000274658203,90.20999908447266,2700600
2024-06-13,92.5199966430664,93.18000030517578,89.75,92.4000015258789,2387500
2024-06-14,89.93000030517578,91.81999969482422,88.02999877929688,91.61000061035156,2501400
2024-06-17,93.94000244140625,94.77999877929688,89.18599700927734,90.05000305175781,3416200
2024-06-18,95.38999938964844,96.93000030517578,93.13600158691406,94.0,2560900
2024-06-20,92.2300033569336,97.64099884033203,90.62000274658203,95.75,3316400
2024-06-21,92.44000244140625,92.83000183105469,87.5199966430664,91.01000213623047,2743700
2024-06-24,90.9000015258789,93.38800048828125,89.56999969482422,91.80000305175781,2172000
2024-06-25,93.11000061035156,93.19999694824219,89.76000213623047,92.19000244140625,1942100
2024-06-26,91.79000091552734,94.5999984741211,90.3499984741211,92.86000061035156,2009300
2024-06-27,91.56999969482422,92.3499984741211,89.22000122070312,91.8499984741211,1729900
2024-06-28,92.75,94.0999984741211,91.19000244140625,91.73999786376953,5194700
2024-07-01,95.2699966430664,96.16000366210938,91.69999694824219,93.75,2812500
2024-07-02,94.58999633789062,95.9800033569336,92.81600189208984,94.5,1903400
2024-07-03,94.91999816894531,96.44999694824219,94.02999877929688,94.9800033569336,1193500
2024-07-05,94.98999786376953,95.51000213623047,93.30000305175781,95.51000213623047,1318000
2024-07-08,94.73999786376953,98.69000244140625,93.88999938964844,96.0,2882100
2024-07-09,90.23999786376953,95.8499984741211,89.16000366210938,94.47000122070312,3394300
2024-07-10,85.30000305175781,90.0,83.55999755859375,89.94999694824219,5916400
2024-07-11,85.19000244140625,87.97000122070312,83.86000061035156,85.69000244140625,2598200
2024-07-12,84.25,86.77999877929688,83.43000030517578,85.45999908447266,3446400
2024-07-15,86.62999725341797,87.30000305175781,83.91000366210938,84.5,2650800
2024-07-16,87.5,88.55000305175781,85.2300033569336,87.0999984741211,2245400
2024-07-17,81.4800033569336,87.30000305175781,80.5,85.1500015258789,3419400
2024-07-18,79.98999786376953,81.69999694824219,78.11000061035156,80.61000061035156,3209300
2024-07-19,79.98999786376953,81.55400085449219,79.01000213623047,79.98999786376953,1433500
2024-07-22,80.30999755859375,81.19000244140625,79.18000030517578,80.80000305175781,1454400
2024-07-23,82.58999633789062,83.81999969482422,80.54000091552734,80.75,1661900
2024-07-24,77.91999816894531,82.02999877929688,77.7699966430664,81.47000122070312,2002100
2024-07-25,78.2300033569336,79.05000305175781,76.06999969482422,78.13999938964844,1587800
2024-07-26,79.83999633789062,81.0,79.31999969482422,80.80000305175781,1735100
2024-07-29,82.47000122070312,83.9800033569336,79.9000015258789,80.3499984741211,2125400
2024-07-30,81.44000244140625,83.94999694824219,80.26000213623047,82.72000122070312,1626500
2024-07-31,84.22000122070312,84.6500015258789,82.13999938964844,83.45500183105469,1659900
2024-08-01,84.4800033569336,86.55999755859375,83.08999633789062,85.11000061035156,2900300
2024-08-02,81.23999786376953,82.25,77.00499725341797,80.6449966430664,2589500
2024-08-05,79.87999725341797,81.68000030517578,72.0999984741211,73.25,2250000
2024-08-06,82.66999816894531,84.19000244140625,79.0,81.0,1596800
2024-08-07,82.6500015258789,86.05999755859375,82.45999908447266,83.91000366210938,1516000
2024-08-08,83.9800033569336,84.25,79.69999694824219,82.81999969482422,2520600
2024-08-09,90.29000091552734,91.6780014038086,85.7699966430664,86.41000366210938,4379400
2024-08-12,89.91000366210938,91.3499984741211,89.01000213623047,90.0,1731900
2024-08-13,94.44999694824219,95.37000274658203,90.19999694824219,90.3499984741211,2349800
2024-08-14,95.76000213623047,96.38999938964844,93.06099700927734,94.29000091552734,1848100
2024-08-15,97.23999786376953,98.40499877929688,95.37999725341797,96.94000244140625,1757500
2024-08-16,98.95999908447266,99.5,96.69999694824219,96.69999694824219,1867200
2024-08-19,100.19999694824219,100.37999725341797,96.5,99.37000274658203,2237700
2024-08-20,98.20999908447266,101.19999694824219,96.93000030517578,100.19999694824219,1505300
2024-08-21,102.87000274658203,102.9000015258789,97.3499984741211,97.86000061035156,2442300
2024-08-22,101.9800033569336,104.83999633789062,101.80000305175781,102.95999908447266,6508800
2024-08-23,122.0,125.87000274658203,110.0,110.2300033569336,21800500
2024-08-26,125.80000305175781,128.17999267578125,121.87999725341797,123.41000366210938,10981800
2024-08-27,118.0999984741211,120.19999694824219,113.9000015258789,115.9000015258789,12333500
2024-08-28,118.44000244140625,119.91999816894531,116.44000244140625,117.8499984741211,4561200
2024-08-29,110.87000274658203,116.19999694824219,110.66000366210938,115.93000030517578,5440300
2024-08-30,114.04000091552734,114.04000091552734,110.30000305175781,112.0,2956000
2024-09-03,111.91999816894531,114.86000061035156,110.33999633789062,112.94000244140625,2644300
2024-09-04,113.97000122070312,114.68000030517578,110.30999755859375,110.30999755859375,2036800
2024-09-05,116.70999908447266,118.1500015258789,113.66000366210938,113.7300033569336,2370200
2024-09-06,116.12999725341797,118.41999816894531,113.12999725341797,117.5199966430664,2173300
2024-09-09,120.08999633789062,121.9800033569336,117.06999969482422,117.12999725341797,3779400
2024-09-10,119.7300033569336,122.2699966430664,118.41000366210938,120.55999755859375,2104000
2024-09-11,121.25,121.52999877929688,118.79000091552734,120.0,1917700
2024-09-12,125.47000122070312,126.23999786376953,119.9000015258789,121.25,3099700
2024-09-13,122.51000213623047,127.0,121.61000061035156,126.5199966430664,2879600
2024-09-16,122.8499984741211,123.8499984741211,120.25,122.73999786376953,2231200
2024-09-17,122.47000122070312,125.45999908447266,121.26000213623047,123.86000061035156,2151100
2024-09-18,124.30000305175781,126.14399719238281,122.61000061035156,123.0,1790200
2024-09-19,125.22000122070312,127.5199966430664,123.75,126.33999633789062,2077700
2024-09-20,128.7899932861328,129.5,124.75,125.2300033569336,8209700
2024-09-23,128.27000427246094,131.82000732421875,127.61000061035156,130.5,2509300
2024-09-24,127.44000244140625,129.05499267578125,126.11000061035156,128.1300048828125,1903800
2024-09-25,126.83999633789062,129.10000610351562,125.76000213623047,128.0,1811200
2024-09-26,127.12000274658203,128.8800048828125,126.0199966430664,127.9000015258789,1835600
2024-09-27,123.76000213623047,127.29499816894531,121.88999938964844,127.25,3181200
2024-09-30,123.8499984741211,125.25,120.0999984741211,123.30000305175781,3228800
2024-10-01,122.43000030517578,125.65599822998047,122.27999877929688,124.11000061035156,2235100
2024-10-02,122.91999816894531,123.3550033569336,118.62000274658203,121.0,1667400
2024-10-03,124.93000030517578,125.22000122070312,121.88999938964844,122.91999816894531,1406200
2024-10-04,126.5999984741211,128.58999633789062,125.58999633789062,126.5,1901400
2024-10-07,126.0,128.5500030517578,124.80999755859375,127.0,2111900
2024-10-08,131.99000549316406,133.5399932861328,126.69999694824219,126.79000091552734,3330200
2024-10-09,131.86000061035156,133.9499969482422,129.13999938964844,132.9600067138672,1670300
2024-10-10,130.24000549316406,131.74000549316406,128.8000030517578,130.86000061035156,1236800
2024-10-11,133.64999389648438,134.19000244140625,130.57000732421875,130.57000732421875,1648800
2024-10-14,134.75,135.57000732421875,132.00999450683594,134.67999267578125,2322500
2024-10-15,133.91000366210938,134.42999267578125,128.1999969482422,133.5,2484400
2024-10-16,134.16000366210938,134.87899780273438,131.0500030517578,134.80999755859375,1057600
2024-10-17,134.2899932861328,135.6300048828125,133.1999969482422,134.91000366210938,1269300
2024-10-18,135.33999633789062,135.86000061035156,133.8000030517578,134.7899932861328,1068800
2024-10-21,136.32000732421875,136.9600067138672,134.1199951171875,135.3000030517578,1433000
2024-10-22,136.27000427246094,136.4199981689453,134.77999877929688,135.63499450683594,1164400
2024-10-23,136.55999755859375,138.1199951171875,134.0399932861328,135.25999450683594,1512200
2024-10-24,138.64999389648438,139.5,137.4600067138672,138.0,2038500
2024-10-25,136.08999633789062,140.69000244140625,135.74000549316406,139.55499267578125,1937600
2024-10-28,138.47000122070312,141.25,136.97000122070312,137.0,1917300
2024-10-29,138.0,139.0,136.3000030517578,139.0,1644200
2024-10-30,133.82000732421875,136.80999755859375,132.3300018310547,136.50999450683594,2132700
2024-10-31,133.55999755859375,135.1300048828125,132.10000610351562,132.47999572753906,1360000
2024-11-01,131.52999877929688,134.8699951171875,129.5050048828125,133.89999389648438,2592300
2024-11-04,132.1199951171875,133.7899932861328,131.0500030517578,131.89999389648438,1166200
2024-11-05,132.52000427246094,136.69000244140625,132.44000244140625,132.64999389648438,1514400
2024-11-06,139.0,139.0,133.39999389648438,135.625,2017300
2024-11-07,141.3800048828125,141.6199951171875,137.88299560546875,139.6699981689453,2189700
2024-11-08,147.1999969482422,147.61000061035156,140.3300018310547,140.3300018310547,2296200
2024-11-11,147.8000030517578,151.55999755859375,146.80999755859375,151.16000366210938,2922200
2024-11-12,145.02999877929688,149.91000366210938,143.23599243164062,147.41000366210938,5322500
2024-11-13,147.3000030517578,172.42999267578125,146.0500030517578,168.16000366210938,13077000
2024-11-14,138.33999633789062,148.77000427246094,136.1999969482422,147.55999755859375,5909200
2024-11-15,141.3800048828125,142.08999633789062,135.00999450683594,137.75,3975500
2024-11-18,137.24000549316406,140.07000732421875,133.0,134.35499572753906,6315500
2024-11-19,141.25,143.0800018310547,136.10000610351562,136.2050018310547,4379000
2024-11-20,139.69000244140625,143.0,137.39999389648438,142.72000122070312,2366700
2024-11-21,144.8000030517578,145.1999969482422,137.27000427246094,140.10000610351562,3542600
2024-11-22,145.0,149.75,144.8000030517578,146.17999267578125,3637700
2024-11-25,142.5399932861328,148.0,140.77999877929688,148.0,3093200
2024-11-26,143.52000427246094,143.89999389648438,140.57000732421875,141.16000366210938,1931100
2024-11-27,141.1999969482422,144.35000610351562,139.86000061035156,143.9250030517578,1709600
2024-11-29,140.89999389648438,143.6699981689453,140.89999389648438,141.86000061035156,1054100
2024-12-02,140.85000610351562,146.60000610351562,140.64999389648438,141.07000732421875,2724800
2024-12-03,141.83999633789062,145.36599731445312,140.6199951171875,140.8800048828125,1726300
2024-12-04,147.60000610351562,147.86000061035156,142.50999450683594,143.3300018310547,2389700
2024-12-05,150.5,153.33999633789062,145.64999389648438,147.0,3344800
2024-12-06,150.8800048828125,151.91000366210938,145.8800048828125,151.05999755859375,2269800
2024-12-09,132.57000732421875,149.35000610351562,132.36000061035156,148.91000366210938,7639300
2024-12-10,127.38999938964844,135.25999450683594,126.13999938964844,133.50999450683594,5425800
2024-12-11,127.58999633789062,131.0800018310547,126.45999908447266,130.2100067138672,2705000
2024-12-12,125.37000274658203,128.58999633789062,125.30000305175781,126.75,1663600
2024-12-13,124.05000305175781,126.6500015258789,123.1520004272461,126.16200256347656,2470400
2024-12-16,126.79000091552734,127.05000305175781,123.56999969482422,124.5,2630000
2024-12-17,123.37000274658203,126.0250015258789,123.19100189208984,125.87999725341797,1926500
2024-12-18,117.19999694824219,125.33999633789062,116.11000061035156,125.0,3289200
2024-12-19,117.05000305175781,120.5,115.52999877929688,119.0999984741211,3151200
2024-12-20,119.05000305175781,120.7699966430664,114.25,114.8499984741211,2952500
2024-12-23,117.83999633789062,118.89199829101562,115.88999938964844,118.89199829101562,1635400
2024-12-24,118.5199966430664,118.69999694824219,116.80000305175781,117.4000015258789,687600
2024-12-26,116.48999786376953,117.65699768066406,115.72000122070312,117.3499984741211,1630100
2024-12-27,114.37000274658203,115.63999938964844,112.7699966430664,115.62000274658203,1854300
2024-12-30,111.5199966430664,113.5199966430664,110.59500122070312,111.77999877929688,2050500
2024-12-31,112.80000305175781,115.01000213623047,112.0,112.26000213623047,2044800
2025-01-02,115.18000030517578,117.47000122070312,112.29000091552734,113.37999725341797,2211900
2025-01-03,115.08000183105469,116.04000091552734,112.77999877929688,115.83000183105469,1876100
2025-01-06,118.87999725341797,120.7699966430664,116.26000213623047,117.06999969482422,3190600
2025-01-07,112.81999969482422,119.8499984741211,111.427001953125,119.0,3108000
2025-01-08,114.58999633789062,116.1050033569336,112.26000213623047,112.81999969482422,1932700
2025-01-10,115.12000274658203,115.37000274658203,111.54000091552734,112.16000366210938,1406300
2025-01-13,111.02999877929688,113.31900024414062,109.23200225830078,112.5,2182900
2025-01-14,112.41999816894531,112.80000305175781,110.22000122070312,112.4800033569336,1333000
2025-01-15,115.61000061035156,116.86000061035156,113.30999755859375,116.0,1760700
2025-01-16,117.51000213623047,118.18000030517578,115.48999786376953,116.05000305175781,1747600
2025-01-17,118.2300033569336,119.73999786376953,116.63200378417969,119.19999694824219,1724200
2025-01-21,120.5,121.4000015258789,118.30000305175781,119.9800033569336,2302900
2025-01-22,123.38999938964844,126.4800033569336,120.05999755859375,122.36000061035156,2665900
2025-01-23,124.01000213623047,125.12999725341797,120.51000213623047,122.22000122070312,2208600
2025-01-24,124.87999725341797,125.55999755859375,123.12999725341797,123.80999755859375,1636900
2025-01-27,122.97000122070312,126.0,120.69499969482422,121.06999969482422,1801200
2025-01-28,125.95999908447266,126.13999938964844,121.55000305175781,123.68000030517578,1262200
2025-01-29,135.3300018310547,135.72999572753906,126.75,126.91000366210938,3869600
2025-01-30,138.9499969482422,140.0,136.1999969482422,136.7100067138672,1808500
2025-01-31,135.0500030517578,140.6020050048828,134.52000427246094,139.75,1701900
2025-02-03,137.32000732421875,138.52000427246094,128.57000732421875,130.75,2413000
2025-02-04,142.27000427246094,143.1999969482422,137.63999938964844,138.0,2187100
2025-02-05,142.89999389648438,143.00999450683594,139.3300018310547,142.5,1549100
2025-02-06,141.9499969482422,143.88999938964844,139.6300048828125,143.16000366210938,1187900
2025-02-07,138.39999389648438,144.49000549316406,137.6699981689453,142.27999877929688,1522900
2025-02-10,140.6199951171875,141.75,139.0,140.16000366210938,1247600
2025-02-11,130.8699951171875,139.6199951171875,130.75999450683594,139.49000549316406,2319600
2025-02-12,130.3000030517578,130.74400329589844,127.51000213623047,128.50999450683594,1848900
2025-02-13,130.5,134.89199829101562,128.94000244140625,132.67999267578125,1927700
2025-02-14,131.07000732421875,131.60000610351562,126.63999938964844,130.27999877929688,1594900
2025-02-18,133.30999755859375,134.72999572753906,129.39999389648438,131.22500610351562,1755700
2025-02-19,119.41999816894531,132.47000122070312,117.81999969482422,132.47000122070312,4462600
2025-02-20,118.5999984741211,119.20800018310547,114.63999938964844,118.70999908447266,2824600
2025-02-21,107.93000030517578,119.00599670410156,107.55000305175781,118.0199966430664,4391700
2025-02-24,104.22000122070312,108.9800033569336,101.27999877929688,108.80000305175781,4582100
2025-02-25,99.30000305175781,103.0,97.73300170898438,102.6449966430664,7747200
2025-02-26,98.95999908447266,101.58499908447266,94.55000305175781,101.30000305175781,9136900
2025-02-27,90.08000183105469,98.9800033569336,89.68000030517578,98.06999969482422,5333400
2025-02-28,95.02999877929688,95.41000366210938,88.75,90.29499816894531,5523100
2025-03-03,87.6500015258789,95.51000213623047,87.2300033569336,95.0999984741211,4299000
2025-03-04,86.25,87.37000274658203,81.68000030517578,85.2249984741211,5425300
2025-03-05,86.76000213623047,87.22000122070312,83.88999938964844,86.0,3691500
2025-03-06,82.6500015258789,87.16999816894531,82.20999908447266,84.01000213623047,5098500
2025-03-07,84.12000274658203,84.7300033569336,78.54000091552734,82.33999633789062,4108600
2025-03-10,80.44000244140625,83.27100372314453,77.80000305175781,81.01000213623047,4362100
2025-03-11,80.01000213623047,82.0999984741211,78.38999938964844,79.90499877929688,3331100
2025-03-12,82.37999725341797,83.69999694824219,80.08999633789062,81.80000305175781,2432500
2025-03-13,74.06999969482422,82.37000274658203,73.91000366210938,82.37000274658203,5008800
2025-03-14,77.4800033569336,78.6500015258789,75.5,75.8499984741211,3285500
2025-03-17,78.58999633789062,79.80999755859375,75.33999633789062,78.4749984741211,3092100
2025-03-18,76.77999877929688,77.875,75.5999984741211,77.37000274658203,2072800
2025-03-19,81.0,82.51000213623047,76.65499877929688,77.51000213623047,4364800
2025-03-20,84.66000366210938,86.66999816894531,81.69999694824219,82.62000274658203,5887300
2025-03-21,83.8499984741211,84.19000244140625,81.12999725341797,83.33000183105469,3610300
2025-03-24,90.33000183105469,90.48999786376953,86.4000015258789,87.33999633789062,3713100
2025-03-25,90.27999877929688,93.7300033569336,89.04000091552734,92.48500061035156,2926000
2025-03-26,86.66999816894531,90.16999816894531,85.5,89.58000183105469,2887700
2025-03-27,88.38999938964844,92.03500366210938,88.3499984741211,89.625,6143600
2025-03-28,85.8499984741211,88.0999984741211,84.66000366210938,87.05999755859375,14361000
2025-03-31,86.41000366210938,87.20999908447266,81.73999786376953,82.68000030517578,4160100
2025-04-01,87.19999694824219,87.80000305175781,84.94000244140625,86.23500061035156,2586700
2025-04-02,90.3499984741211,91.62000274658203,84.58000183105469,85.11000061035156,3034600
2025-04-03,84.18000030517578,85.19000244140625,81.0989990234375,83.56999969482422,3827400
2025-04-04,75.19000244140625,80.1500015258789,72.91000366210938,80.0,8164000
2025-04-07,79.30000305175781,84.98999786376953,70.0,70.9000015258789,5948200
2025-04-08,78.45999908447266,85.46499633789062,76.91000366210938,84.56999969482422,3271300
2025-04-09,91.94999694824219,93.41000366210938,78.75,79.01000213623047,6259200
2025-04-10,88.7699966430664,89.43000030517578,84.0,89.0,3267800
2025-04-11,90.06999969482422,90.11000061035156,85.79499816894531,88.83000183105469,1752100
2025-04-14,89.04000091552734,93.25,87.51000213623047,92.48999786376953,2078900
2025-04-15,88.33000183105469,90.4219970703125,86.97000122070312,89.12999725341797,1945400
2025-04-16,85.55999755859375,87.56999969482422,83.3499984741211,86.5,1924600
2025-04-17,86.0,86.36000061035156,83.41999816894531,85.79000091552734,1916800
2025-04-21,80.37000274658203,84.88999938964844,78.02999877929688,84.80000305175781,3563400
2025-04-22,81.30000305175781,82.81999969482422,80.0,81.55999755859375,2406100
2025-04-23,86.44999694824219,90.9000015258789,85.75,88.0,3073900
2025-04-24,91.0199966430664,91.48999786376953,86.0260009765625,86.55000305175781,1970100
2025-04-25,90.80000305175781,91.94999694824219,90.1500015258789,91.12999725341797,1878200
2025-04-28,93.16000366210938,93.94999694824219,90.80000305175781,91.27999877929688,2646800
2025-04-29,91.91000366210938,93.34100341796875,90.06999969482422,92.9800033569336,2345800
2025-04-30,92.43000030517578,92.66000366210938,87.3499984741211,88.29000091552734,2240900
2025-05-01,94.52999877929688,96.7300033569336,93.5199966430664,94.97000122070312,3161900
2025-05-02,96.6500015258789,97.41200256347656,94.75,95.88999938964844,2407400
2025-05-05,95.83999633789062,97.97699737548828,95.37000274658203,95.375,1947100
2025-05-06,93.31999969482422,94.5,90.75,93.5,2837800
2025-05-07,93.80000305175781,95.74800109863281,93.12000274658203,94.33000183105469,2274400
2025-05-08,95.94000244140625,96.75,94.18199920654297,95.0999984741211,2189100
2025-05-09,93.91000366210938,96.71099853515625,93.23999786376953,96.36000061035156,1933400
2025-05-12,98.73999786376953,99.66000366210938,95.76499938964844,98.5,2550000
2025-05-13,99.69999694824219,101.5,98.93000030517578,99.5,3220500
2025-05-14,99.54000091552734,100.8499984741211,98.5009994506836,100.0,2710600
2025-05-15,99.05999755859375,100.94000244140625,98.30599975585938,99.54000091552734,5067800
2025-05-16,96.80999755859375,97.67500305175781,93.0199966430664,97.0199966430664,9838800
2025-05-19,90.05999755859375,94.80000305175781,90.0199966430664,94.80000305175781,5475600
2025-05-20,89.37999725341797,91.55000305175781,88.94999694824219,90.6500015258789,4155600
2025-05-21,83.69000244140625,88.44599914550781,83.2699966430664,87.79000091552734,4750500
2025-05-22,84.36000061035156,86.0530014038086,83.37000274658203,84.0,4260700
2025-05-23,83.43000030517578,84.62999725341797,82.75499725341797,83.08999633789062,2857300
2025-05-27,82.33999633789062,84.86299896240234,81.95999908447266,84.5,4393700
2025-05-28,81.91000366210938,83.33000183105469,81.76000213623047,82.43000030517578,2193700
2025-05-29,81.87999725341797,83.59500122070312,81.55999755859375,82.8499984741211,2647200
2025-05-30,81.2699966430664,81.7699966430664,78.87999725341797,81.55999755859375,5295900
2025-06-02,81.25,81.58000183105469,79.1500015258789,80.5,2796900
2025-06-03,81.05999755859375,82.47000122070312,79.36000061035156,81.83000183105469,3377300
2025-06-04,82.04000091552734,83.56999969482422,79.93000030517578,80.91999816894531,3265400
2025-06-05,78.33000183105469,81.94999694824219,77.86000061035156,81.0199966430664,3404900
2025-06-06,79.02999877929688,79.72100067138672,77.54000091552734,79.04000091552734,3656100
2025-06-09,78.22000122070312,80.44000244140625,78.04000091552734,79.5,2627900
2025-06-10,78.31999969482422,79.84100341796875,77.75,79.0,3260800
2025-06-11,76.83000183105469,79.13999938964844,76.44999694824219,78.73999786376953,3757700
2025-06-12,78.25,78.63999938964844,75.81999969482422,76.0,3791400
2025-06-13,74.56999969482422,77.29000091552734,73.85700225830078,76.12000274658203,4979500
2025-06-16,74.5,77.4000015258789,74.36000061035156,74.91000366210938,3241700
2025-06-17,74.70999908447266,76.33999633789062,72.36000061035156,73.72000122070312,4748500
2025-06-18,74.44999694824219,75.58999633789062,73.4000015258789,74.47000122070312,2977500
2025-06-20,74.62000274658203,75.70999908447266,73.8499984741211,74.87999725341797,4398000
2025-06-23,75.25,75.38999938964844,71.0999984741211,73.93000030517578,4445100
2025-06-24,74.2300033569336,76.81300354003906,74.11000061035156,76.4800033569336,3728400
2025-06-25,73.98999786376953,75.94000244140625,73.33000183105469,74.5,3375300
2025-06-26,77.66999816894531,77.9800033569336,72.36000061035156,74.19999694824219,5196700
2025-06-27,77.88999938964844,79.5,76.54000091552734,78.0,6880800
2025-06-30,84.2300033569336,85.23999786376953,79.19999694824219,79.44000244140625,7588800
2025-07-01,82.31999969482422,83.72000122070312,80.11000061035156,83.55000305175781,4721000
2025-07-02,82.70999908447266,86.75,82.13999938964844,85.0,5676000
2025-07-03,86.5199966430664,87.44999694824219,82.6500015258789,83.29000091552734,4952500
2025-07-07,84.27999877929688,86.44999694824219,83.38999938964844,86.0,4406000
2025-07-08,87.56999969482422,88.37999725341797,83.91000366210938,84.5,4074100
2025-07-09,89.54000091552734,90.04000091552734,87.28800201416016,88.45999908447266,4202100
2025-07-10,91.44999694824219,92.47000122070312,89.31999969482422,90.0,4249500
2025-07-11,92.05000305175781,92.23999786376953,90.30000305175781,90.61000061035156,2317600
2025-07-14,89.86000061035156,91.83000183105469,89.12000274658203,90.9800033569336,2857100
2025-07-15,88.19999694824219,91.29199981689453,87.44999694824219,90.62999725341797,3912900
2025-07-16,88.9800033569336,89.75,87.84200286865234,88.9000015258789,2212200
2025-07-17,86.7699966430664,89.0199966430664,83.4020004272461,88.43000030517578,6613900
2025-07-18,87.33999633789062,87.63999938964844,85.5999984741211,87.19999694824219,1977000
2025-07-21,87.43000030517578,89.25,87.36000061035156,88.05000305175781,2722200
2025-07-22,89.93000030517578,90.43000030517578,87.5,87.66000366210938,3449700
2025-07-23,91.69000244140625,93.69000244140625,90.62000274658203,90.69999694824219,3438400
2025-07-24,86.26000213623047,88.15799713134766,85.36000061035156,87.55000305175781,5331500
2025-07-25,88.0199966430664,88.16000366210938,85.62999725341797,86.38999938964844,2128700
2025-07-28,87.97000122070312,89.72000122070312,87.83000183105469,88.3499984741211,2373200
2025-07-29,85.55999755859375,87.63500213623047,84.5999984741211,87.22000122070312,3030500
2025-07-30,90.31999969482422,91.23999786376953,87.04100036621094,87.68000030517578,4137200
2025-07-31,88.01000213623047,90.26000213623047,87.98999786376953,90.05000305175781,3151800
2025-08-01,84.30000305175781,87.0,83.5,86.80000305175781,2109900
2025-08-04,87.79000091552734,88.45999908447266,84.0999984741211,84.9000015258789,2693900
2025-08-05,87.56999969482422,89.0,86.69999694824219,87.08000183105469,2334700
2025-08-06,86.16000366210938,87.44999694824219,85.56999969482422,87.36000061035156,2086000
2025-08-07,88.9000015258789,90.3499984741211,87.06500244140625,87.06500244140625,3303100
2025-08-08,85.05000305175781,88.46499633789062,83.91000366210938,87.79000091552734,4087600
2025-08-11,82.30000305175781,86.13999938964844,82.2300033569336,84.69000244140625,4298100
2025-08-12,84.5,85.1500015258789,82.5999984741211,83.88999938964844,12737600
2025-08-13,70.44999694824219,72.55000305175781,65.69999694824219,66.80000305175781,41571000
2025-08-14,68.93000030517578,70.5,67.01000213623047,69.80999755859375,12335300
2025-08-15,69.9000015258789,70.2699966430664,68.5199966430664,69.55999755859375,4837100
2025-08-18,69.79000091552734,70.5,68.30000305175781,69.03500366210938,4252700
2025-08-19,68.44999694824219,70.51699829101562,68.24400329589844,70.08999633789062,3053500
2025-08-20,68.55000305175781,68.68000030517578,66.0199966430664,67.77999877929688,3575200
2025-08-21,67.33000183105469,68.5,66.12000274658203,68.3499984741211,3895000
2025-08-22,68.52999877929688,69.87000274658203,67.13999938964844,67.55000305175781,3328300
2025-08-25,65.44999694824219,68.01000213623047,65.3949966430664,67.77999877929688,4901400
2025-08-26,67.0199966430664,68.2300033569336,65.02999877929688,65.68000030517578,4799200
2025-08-27,67.73999786376953,68.55999755859375,66.62999725341797,66.69000244140625,2793700
2025-08-28,68.20999908447266,68.91000366210938,67.6500015258789,68.30000305175781,2140800
2025-08-29,67.55000305175781,68.19999694824219,66.4000015258789,67.80999755859375,2932400
2025-09-02,65.56999969482422,67.5199966430664,65.30000305175781,66.69999694824219,3529200
2025-09-03,65.91000366210938,67.4749984741211,65.04000091552734,65.54000091552734,3038200
2025-09-04,65.95999908447266,66.37899780273438,65.19999694824219,66.0,2602100
2025-09-05,66.62999725341797,67.87999725341797,65.77999877929688,66.0199966430664,2997000
2025-09-08,65.33999633789062,66.86000061035156,64.12000274658203,66.66000366210938,4350300
2025-09-09,65.27999877929688,65.88999938964844,63.79999923706055,65.88999938964844,4671100
2025-09-10,65.16000366210938,66.5,64.5,65.0199966430664,2954200
2025-09-11,64.31999969482422,65.63999938964844,63.70000076293945,65.01000213623047,4549600
2025-09-12,63.630001068115234,64.6500015258789,63.16999816894531,64.33000183105469,3307700
2025-09-15,62.540000915527344,63.790000915527344,62.33000183105469,63.060001373291016,5226800
2025-09-16,63.08000183105469,64.12000274658203,62.2599983215332,62.900001525878906,4164000
2025-09-17,62.38999938964844,64.12000274658203,61.900001525878906,63.04999923706055,3769000
2025-09-18,63.560001373291016,64.4800033569336,62.52000045776367,62.970001220703125,3345500
2025-09-19,63.529998779296875,64.34100341796875,62.599998474121094,63.77000045776367,6604300
2025-09-22,65.52999877929688,65.5999984741211,62.810001373291016,63.310001373291016,3187700
2025-09-23,65.13999938964844,66.98999786376953,64.80999755859375,65.69999694824219,3738200
2025-09-24,63.41999816894531,67.44999694824219,63.11000061035156,65.4000015258789,5171900
2025-09-25,62.61000061035156,62.9900016784668,60.810001373291016,62.54999923706055,3687800
2025-09-26,62.61000061035156,63.11000061035156,61.36000061035156,62.68000030517578,3355200
2025-09-29,58.7599983215332,63.25,58.529998779296875,62.970001220703125,8250500
2025-09-30,60.40999984741211,60.529998779296875,58.33000183105469,59.14500045776367,5537200
2025-10-01,61.66999816894531,62.0099983215332,59.96500015258789,60.0,3745000
2025-10-02,63.2400016784668,64.55999755859375,61.42499923706055,61.45000076293945,4578900
2025-10-03,63.529998779296875,64.1500015258789,61.03499984741211,63.209999084472656,4108000
2025-10-06,63.79999923706055,64.98899841308594,62.349998474121094,64.01000213623047,2930700
2025-10-07,61.630001068115234,64.0,61.56999969482422,63.75,3395500
2025-10-08,63.15999984741211,64.18000030517578,61.40999984741211,62.0,3045200
2025-10-09,65.02999877929688,66.8499984741211,63.869998931884766,64.16000366210938,7178500
2025-10-10,62.150001525878906,65.91000366210938,61.91999816894531,65.72000122070312,2965500
2025-10-13,63.33000183105469,64.68000030517578,62.52000045776367,62.619998931884766,3027300
2025-10-14,64.70999908447266,65.87999725341797,61.91999816894531,62.0,3579000
2025-10-15,63.790000915527344,66.0,62.93000030517578,65.2699966430664,2151200
2025-10-16,63.36000061035156,64.69000244140625,62.56999969482422,63.90999984741211,2446100
2025-10-17,62.86000061035156,64.62999725341797,62.775001525878906,62.86000061035156,3642800
2025-10-20,62.290000915527344,64.38999938964844,62.279998779296875,62.810001373291016,2097900
2025-10-21,65.47000122070312,66.0999984741211,62.040000915527344,62.209999084472656,3023300
2025-10-22,64.3499984741211,66.3499984741211,63.5,65.87000274658203,2026600
2025-10-23,64.22000122070312,64.91000366210938,63.52000045776367,64.08000183105469,2142600
2025-10-24,63.599998474121094,65.77100372314453,63.540000915527344,65.23999786376953,1898300
2025-10-27,62.939998626708984,63.86600112915039,61.86000061035156,63.79999923706055,3190600
2025-10-28,62.13999938964844,63.150001525878906,61.650001525878906,62.970001220703125,2449500
2025-10-29,60.470001220703125,62.25,59.900001525878906,61.5,5538500
2025-10-30,53.70000076293945,56.01499938964844,53.31999969482422,54.93000030517578,10667700
2025-10-31,53.72999954223633,54.790000915527344,52.79999923706055,54.0099983215332,4876000
2025-11-03,52.61000061035156,53.3849983215332,51.369998931884766,53.099998474121094,6010900
2025-11-04,51.70000076293945,53.7599983215332,51.33000183105469,52.0,7681500
2025-11-05,50.369998931884766,54.540000915527344,49.619998931884766,51.2599983215332,12518200
2025-11-06,46.59000015258789,50.349998474121094,46.56999969482422,50.20000076293945,6045000
2025-11-07,48.63999938964844,49.15999984741211,45.566001892089844,45.79999923706055,5612800
2025-11-10,49.65999984741211,50.279998779296875,48.154998779296875,49.29999923706055,4364900
2025-11-11,49.25,49.46500015258789,47.560001373291016,49.38999938964844,3114400
2025-11-12,48.75,50.70000076293945,48.23099899291992,50.5099983215332,4023800
2025-11-13,48.20000076293945,50.09000015258789,47.61000061035156,49.0,3273900
2025-11-14,47.220001220703125,48.19900131225586,46.209999084472656,47.15999984741211,3623600
2025-11-17,45.22999954223633,47.0,44.709999084472656,47.0,4509800
2025-11-18,45.04999923706055,45.900001525878906,44.2599983215332,45.15999984741211,4293100
2025-11-19,45.470001220703125,46.209999084472656,44.7400016784668,45.7400016784668,3097500
2025-11-20,43.59000015258789,46.380001068115234,43.40999984741211,46.15999984741211,5258700
2025-11-21,48.91999816894531,50.06999969482422,43.869998931884766,44.470001220703125,9216100
2025-11-24,46.79999923706055,49.137001037597656,46.48500061035156,48.5,4668900
2025-11-25,48.54999923706055,48.650001525878906,46.2599983215332,46.810001373291016,3571700
2025-11-26,49.650001525878906,51.150001525878906,48.70000076293945,49.0,4609300
2025-11-28,48.88999938964844,50.41999816894531,48.84000015258789,50.04999923706055,1318600
2025-12-01,51.0099983215332,52.279998779296875,48.7599983215332,48.86000061035156,7620100
2025-12-02,52.72999954223633,53.36000061035156,51.459999084472656,51.599998474121094,4573100
2025-12-03,54.4900016784668,55.707000732421875,52.75,52.8849983215332,5319500
2025-12-04,54.47999954223633,55.869998931884766,54.06999969482422,55.349998474121094,2836100
2025-12-05,53.369998931884766,54.57500076293945,52.59400177001953,54.33000183105469,3448000
2025-12-08,53.849998474121094,53.97999954223633,52.619998931884766,53.540000915527344,2482100
2025-12-09,52.900001525878906,53.93000030517578,52.81999969482422,53.349998474121094,3042500
2025-12-10,53.09000015258789,53.29499816894531,51.209999084472656,52.97999954223633,3344600
2025-12-11,52.650001525878906,54.599998474121094,52.4900016784668,53.52000045776367,2702300
2025-12-12,53.150001525878906,55.599998474121094,52.939998626708984,53.47999954223633,4228400
2025-12-15,51.91999816894531,53.47999954223633,51.525001525878906,52.7599983215332,2920500
2025-12-16,52.720001220703125,53.970001220703125,52.0,52.16999816894531,2336200
2025-12-17,53.119998931884766,54.53099822998047,52.0099983215332,52.06999969482422,2930700
2025-12-18,56.040000915527344,57.15999984741211,54.38999938964844,54.79999923706055,5118500
2025-12-19,56.90999984741211,57.27000045776367,54.70000076293945,56.0099983215332,4725600
2025-12-22,58.040000915527344,58.470001220703125,57.0,57.13999938964844,2937500
2025-12-23,59.349998474121094,59.380001068115234,57.0,57.279998779296875,2723400
2025-12-24,61.720001220703125,62.15999984741211,59.08000183105469,59.349998474121094,2857900
2025-12-26,60.150001525878906,61.56999969482422,59.709999084472656,61.5,2963500
2025-12-29,59.959999084472656,60.20000076293945,58.79999923706055,60.0,3775400
2025-12-30,58.34000015258789,59.880001068115234,58.314998626708984,59.7599983215332,3395200
2025-12-31,58.689998626708984,59.27000045776367,58.04999923706055,58.34000015258789,2877300
2026-01-02,60.54999923706055,61.11000061035156,58.56999969482422,58.939998626708984,4237500
2026-01-05,63.47999954223633,65.44999694824219,61.54999923706055,61.54999923706055,6338900
2026-01-06,67.11000061035156,68.26000213623047,64.25,64.62000274658203,5741100
2026-01-07,67.9000015258789,68.94999694824219,67.12999725341797,68.0,3505500
2026-01-08,69.5999984741211,70.05000305175781,67.12999725341797,67.55000305175781,3617000
2026-01-09,70.86000061035156,72.11000061035156,69.75,70.9800033569336,3309000
2026-01-12,70.69999694824219,71.5999984741211,69.47000122070312,71.0999984741211,4281600
2026-01-13,68.5199966430664,70.29000091552734,68.16999816894531,70.05000305175781,3206500
2026-01-14,70.56999969482422,70.5999984741211,67.44999694824219,67.95999908447266,2531000
2026-01-15,72.0,72.87999725341797,69.5199966430664,70.61000061035156,2917600
2026-01-16,72.08999633789062,72.17500305175781,70.66999816894531,71.97000122070312,2130400
2026-01-20,69.05000305175781,72.5999984741211,68.83000183105469,70.0,5398400
2026-01-21,66.91999816894531,69.69000244140625,65.18000030517578,69.58999633789062,5001200
2026-01-22,66.08999633789062,68.38999938964844,65.76799774169922,67.5999984741211,3507200
2026-01-23,66.31999969482422,67.9000015258789,65.51000213623047,66.94000244140625,2764100
2026-01-26,62.54999923706055,65.62999725341797,62.06999969482422,65.62999725341797,4183600
2026-01-27,62.33000183105469,62.83100128173828,60.81999969482422,62.5,2622000
2026-01-28,62.70000076293945,65.3499984741211,62.630001068115234,64.3949966430664,2746800
2026-01-29,63.029998779296875,63.369998931884766,61.040000915527344,62.189998626708984,2830200
2026-01-30,60.619998931884766,62.970001220703125,60.529998779296875,62.45000076293945,2881700
2026-02-02,59.599998474121094,60.880001068115234,59.0,60.029998779296875,3500500
2026-02-03,60.88999938964844,61.189998626708984,58.25,59.54999923706055,3035000
2026-02-04,65.41000366210938,65.52999877929688,59.45000076293945,59.45000076293945,4298400
2026-02-05,64.55000305175781,66.2300033569336,63.20000076293945,65.70999908447266,3114800
2026-02-06,69.95999908447266,70.3499984741211,64.55999755859375,65.08499908447266,4811000
2026-02-09,72.4800033569336,72.9800033569336,69.00900268554688,70.66999816894531,3547200
2026-02-10,68.93000030517578,72.86000061035156,68.80999755859375,72.44999694824219,2519200
2026-02-11,67.37000274658203,71.23500061035156,67.04000091552734,69.98999786376953,2601400
2026-02-12,63.61000061035156,69.30000305175781,63.20000076293945,68.54000091552734,2407500
2026-02-13,63.5,66.0999984741211,62.83000183105469,64.6500015258789,2955900
2026-02-17,63.310001373291016,64.69000244140625,61.189998626708984,64.13999938964844,3186100
2026-02-18,67.7300033569336,69.05999755859375,65.6510009765625,65.9800033569336,3338500
2026-02-19,68.44000244140625,68.5,66.24500274658203,66.7300033569336,3231200
2026-02-20,70.11000061035156,70.16000366210938,67.25,68.12000274658203,2755100
2026-02-23,68.3499984741211,70.63999938964844,67.7249984741211,69.22000122070312,3903400
2026-02-24,67.80000305175781,69.5,66.1500015258789,67.19000244140625,4816200
2026-02-25,85.66999816894531,86.4800033569336,77.22000122070312,78.55000305175781,17767000
2026-02-26,84.73999786376953,85.75,79.54100036621094,85.01000213623047,6898300
2026-02-27,82.47000122070312,82.55000305175781,78.0199966430664,82.37000274658203,3881400
2026-03-02,78.48999786376953,81.16999816894531,77.86499786376953,81.0,5061900
2026-03-03,77.06999969482422,77.80000305175781,74.80999755859375,77.59500122070312,3757500
2026-03-04,79.5199966430664,79.69000244140625,76.0,76.87999725341797,2308300
2026-03-05,79.37000274658203,81.83499908447266,77.67500305175781,79.54000091552734,3090800
2026-03-06,78.58999633789062,78.91000366210938,74.80000305175781,76.66000366210938,3196100
2026-03-09,81.80999755859375,81.87999725341797,76.2699966430664,77.91000366210938,2678700
2026-03-10,80.0199966430664,82.22000122070312,79.75,81.5,3305000
2026-03-11,80.5,80.75,77.01000213623047,80.0199966430664,2217200
2026-03-12,80.3499984741211,82.06999969482422,79.01000213623047,80.19000244140625,2447500
2026-03-13,82.0,83.33999633789062,80.68000030517578,81.12999725341797,2319100
2026-03-16,87.25,87.76000213623047,82.25,82.37999725341797,3933400
2026-03-17,90.5199966430664,91.30999755859375,87.3949966430664,87.5,3811300
2026-03-18,88.93000030517578,91.83419799804688,88.83999633789062,89.9000015258789,2716148
